0	1	2	3	4	5	6	7
20110607	20110608						
20110804	20110805						
20110809							
20110907							
20120123	20120124	20120125					
20120127	20120128	20120129					
20120307	20120308	20120309	20120310	20120311	20120312	20120313	20120314
20120517	20120518						
20120707	20120708	20120709					
20120712							
20120718	20120719	20120720					
20120723	20120724	20120725	20120726				
20130411	20130412						
20130522	20130523	20130524					
20130930							
20131229							
20140106	20140107	20140108	20140109				
20140220							
20140225	20140226	20140227					
20140418	20140419						
20140902	20140903	20140904					
20140910	20140911	20140912					
20151029							
20170906	20170907	20170908					
20170910	20170911	20170912	20170913	20170914			
